Digit (Optimal params, maxiter=75, rounds=100, Binary)
ans =

    0.9362    0.8967    0.9367
    0.9070    0.8710    0.9130
    0.8797    0.8176    0.8812
    0.7918    0.7457    0.8006
    0.5760    0.6321    0.6237
    0.4800    0.5623    0.5193

ans =

    0.0261    0.0115    0.0245
    0.0496    0.0168    0.0399
    0.0397    0.0322    0.0372
    0.0684    0.0311    0.0563
    0.0683    0.0390    0.0515
    0.0259    0.0181    0.0260
    
Cora (Optimal params, maxiter=75, rounds=75, Binary)
ans =

    0.3698    0.2056    0.4238
    0.3732    0.2047    0.4311
    0.3488    0.1801    0.4095
    0.3153    0.1206    0.3846
    0.3096    0.1281    0.3866
    0.2996    0.1062    0.3746

ans =

    0.0370    0.0380    0.0410
    0.0456    0.0272    0.0297
    0.0444    0.0208    0.0357
    0.0581    0.0433    0.0470
    0.0425    0.0351    0.0348
    0.0556    0.0432    0.0410

BBCSports (Optimal params, maxiter=75, rounds=100, Cosine)
ans =

    0.6583    0.5309    0.7206
    0.6412    0.4451    0.6704
    0.6333    0.4187    0.6618
    0.5189    0.3155    0.5763
    0.5173    0.3026    0.5586
    0.4748    0.2547    0.5305

ans =

    0.0744    0.0625    0.0539
    0.0930    0.1011    0.0707
    0.1007    0.1078    0.0814
    0.1006    0.0848    0.0685
    0.0855    0.0671    0.0728
    0.0784    0.0731    0.0610

BBCSports (lambda=0.01)    
ans =

    0.6934    0.5176    0.7197
    0.6307    0.4442    0.6660
    0.6285    0.4531    0.6735
    0.6000    0.4309    0.6619
    0.5700    0.3667    0.6364
    0.5445    0.3213    0.5998

ans =

    0.0732    0.0729    0.0412
    0.0722    0.0716    0.0602
    0.0619    0.0864    0.0559
    0.0698    0.0565    0.0496
    0.0599    0.0479    0.0445
    0.0847    0.0527    0.0517

(Cora, lambda=0.001)
ans =

    0.4123    0.1935    0.4435
    0.4033    0.1839    0.4323
    0.3876    0.1731    0.4345
    0.3556    0.1503    0.4126
    0.3368    0.1435    0.4095
    0.3254    0.1425    0.4068

ans =

    0.0063    0.0060    0.0093
    0.0201    0.0178    0.0197
    0.0167    0.0162    0.0134
    0.0190    0.0112    0.0152
    0.0200    0.0105    0.0129
    0.0166    0.0092    0.0116

(Cora, lambda=0.01)    
ans =

    0.3025    0.0219    0.3036
    0.3025    0.0219    0.3036
    0.3025    0.0219    0.3036
    0.3025    0.0219    0.3036
    0.2914    0.0188    0.3035
    0.2671    0.0268    0.3125

ans =

    0.0007    0.0021    0.0004
    0.0007    0.0021    0.0004
    0.0007    0.0021    0.0004
    0.0007    0.0021    0.0004
    0.0237    0.0075    0.0004
    0.0299    0.0268    0.0191

(Digit, lambda=0.01)
ans =

    0.6931    0.6403    0.7190
    0.6625    0.6065    0.6841
    0.6104    0.5498    0.6245
    0.5550    0.5062    0.5691
    0.4900    0.4717    0.5178
    0.4541    0.4482    0.4860

ans =

    0.0554    0.0325    0.0452
    0.0516    0.0256    0.0426
    0.0270    0.0217    0.0289
    0.0530    0.0304    0.0466
    0.0361    0.0250    0.0243
    0.0455    0.0213    0.0301

Cora (coregclustering):
ans =

    0.2586    0.1756    0.4149
    0.2276    0.1134    0.3707
    0.1972    0.0717    0.3378
    0.1804    0.0307    0.3100
    0.1793    0.0059    0.3039
    0.1792    0.0056    0.3036

ans =

    0.0024    0.0016    0.0021
    0.0193    0.0344    0.0295
    0.0112    0.0310    0.0266
    0.0045    0.0168    0.0083
    0.0002    0.0007    0.0003
    0.0001    0.0006    0.0002
    
Digit (coregresults):    
ans =

    0.7105    0.7444    0.8303
    0.6613    0.6993    0.8026
    0.5394    0.6176    0.7159
    0.4524    0.5702    0.6546
    0.3787    0.5093    0.5855
    0.1803    0.4174    0.4519

ans =

    0.0078    0.0047    0.0062
    0.0078    0.0075    0.0061
    0.0124    0.0103    0.0117
    0.0151    0.0091    0.0127
    0.0180    0.0143    0.0191
    0.0178    0.0181    0.0118
    
BBCSports (coregresults, sigma=100):    
ans =

    0.4658    0.3596    0.6068
    0.3995    0.3134    0.5621
    0.3216    0.2585    0.5277
    0.2827    0.2027    0.4838
    0.2565    0.1073    0.4173
    0.2406    0.0416    0.3751

ans =

    0.0038    0.0053    0.0046
    0.0172    0.0314    0.0262
    0.0175    0.0336    0.0357
    0.0213    0.0402    0.0277
    0.0051    0.0135    0.0164
    0.0026    0.0112    0.0080
