Digit (Optimal params, maxiter=75, rounds=100, Binary)
ans =

    0.9362    0.8967    0.9367
    0.9070    0.8710    0.9130
    0.8797    0.8176    0.8812
    0.7918    0.7457    0.8006
    0.5760    0.6321    0.6237
    0.4800    0.5623    0.5193

ans =

    0.0261    0.0115    0.0245
    0.0496    0.0168    0.0399
    0.0397    0.0322    0.0372
    0.0684    0.0311    0.0563
    0.0683    0.0390    0.0515
    0.0259    0.0181    0.0260
    
Cora (Optimal params, maxiter=75, rounds=75, Binary)
ans =

    0.3698    0.2056    0.4238
    0.3732    0.2047    0.4311
    0.3488    0.1801    0.4095
    0.3153    0.1206    0.3846
    0.3096    0.1281    0.3866
    0.2996    0.1062    0.3746

ans =

    0.0370    0.0380    0.0410
    0.0456    0.0272    0.0297
    0.0444    0.0208    0.0357
    0.0581    0.0433    0.0470
    0.0425    0.0351    0.0348
    0.0556    0.0432    0.0410

BBCSports (Optimal params, maxiter=75, rounds=100, Cosine)
ans =

    0.6583    0.5309    0.7206
    0.6412    0.4451    0.6704
    0.6333    0.4187    0.6618
    0.5189    0.3155    0.5763
    0.5173    0.3026    0.5586
    0.4748    0.2547    0.5305

ans =

    0.0744    0.0625    0.0539
    0.0930    0.1011    0.0707
    0.1007    0.1078    0.0814
    0.1006    0.0848    0.0685
    0.0855    0.0671    0.0728
    0.0784    0.0731    0.0610
