Digit (Optimal params, maxiter=75, rounds=100, Binary)
ans =

    0.9362    0.8967    0.9367
    0.9070    0.8710    0.9130
    0.8797    0.8176    0.8812
    0.7918    0.7457    0.8006
    0.5760    0.6321    0.6237
    0.4800    0.5623    0.5193

ans =

    0.0261    0.0115    0.0245
    0.0496    0.0168    0.0399
    0.0397    0.0322    0.0372
    0.0684    0.0311    0.0563
    0.0683    0.0390    0.0515
    0.0259    0.0181    0.0260
    
Cora (Optimal params, maxiter=75, rounds=75, Binary)
ans =

    0.3698    0.2056    0.4238
    0.3732    0.2047    0.4311
    0.3488    0.1801    0.4095
    0.3153    0.1206    0.3846
    0.3096    0.1281    0.3866
    0.2996    0.1062    0.3746

ans =

    0.0370    0.0380    0.0410
    0.0456    0.0272    0.0297
    0.0444    0.0208    0.0357
    0.0581    0.0433    0.0470
    0.0425    0.0351    0.0348
    0.0556    0.0432    0.0410

BBCSports (Optimal params, maxiter=75, rounds=100, Cosine)
ans =

    0.6583    0.5309    0.7206
    0.6412    0.4451    0.6704
    0.6333    0.4187    0.6618
    0.5189    0.3155    0.5763
    0.5173    0.3026    0.5586
    0.4748    0.2547    0.5305

ans =

    0.0744    0.0625    0.0539
    0.0930    0.1011    0.0707
    0.1007    0.1078    0.0814
    0.1006    0.0848    0.0685
    0.0855    0.0671    0.0728
    0.0784    0.0731    0.0610

BBCSports (lambda=0.01)    
ans =

    0.6934    0.5176    0.7197
    0.6307    0.4442    0.6660
    0.6285    0.4531    0.6735
    0.6000    0.4309    0.6619
    0.5700    0.3667    0.6364
    0.5445    0.3213    0.5998

ans =

    0.0732    0.0729    0.0412
    0.0722    0.0716    0.0602
    0.0619    0.0864    0.0559
    0.0698    0.0565    0.0496
    0.0599    0.0479    0.0445
    0.0847    0.0527    0.0517

(Cora, lambda=0.001)
ans =

    0.4123    0.1935    0.4435
    0.4033    0.1839    0.4323
    0.3876    0.1731    0.4345
    0.3556    0.1503    0.4126
    0.3368    0.1435    0.4095
    0.3254    0.1425    0.4068

ans =

    0.0063    0.0060    0.0093
    0.0201    0.0178    0.0197
    0.0167    0.0162    0.0134
    0.0190    0.0112    0.0152
    0.0200    0.0105    0.0129
    0.0166    0.0092    0.0116

(Cora, lambda=0.01)    
ans =

    0.3025    0.0219    0.3036
    0.3025    0.0219    0.3036
    0.3025    0.0219    0.3036
    0.3025    0.0219    0.3036
    0.2914    0.0188    0.3035
    0.2671    0.0268    0.3125

ans =

    0.0007    0.0021    0.0004
    0.0007    0.0021    0.0004
    0.0007    0.0021    0.0004
    0.0007    0.0021    0.0004
    0.0237    0.0075    0.0004
    0.0299    0.0268    0.0191

(Digit, lambda=0.01):

    0.6931    0.6403    0.7190
    0.6625    0.6065    0.6841
    0.6104    0.5498    0.6245
    0.5550    0.5062    0.5691
    0.4900    0.4717    0.5178
    0.4541    0.4482    0.4860

    0.0554    0.0325    0.0452
    0.0516    0.0256    0.0426
    0.0270    0.0217    0.0289
    0.0530    0.0304    0.0466
    0.0361    0.0250    0.0243
    0.0455    0.0213    0.0301

Cora (coregclustering):
    0.2586    0.1756    0.4149
    0.2276    0.1134    0.3707
    0.1972    0.0717    0.3378
    0.1804    0.0307    0.3100
    0.1793    0.0059    0.3039
    0.1792    0.0056    0.3036

    0.0024    0.0016    0.0021
    0.0193    0.0344    0.0295
    0.0112    0.0310    0.0266
    0.0045    0.0168    0.0083
    0.0002    0.0007    0.0003
    0.0001    0.0006    0.0002
    
Cora (coregclustering,new):
    0.2586    0.1756    0.4318
    0.2447    0.1281    0.3818
    0.2187    0.0974    0.3639
    0.1941    0.0662    0.3381
    0.1809    0.0218    0.3126
    0.1792    0.0054    0.3036

    0.0024    0.0016    0.0021
    0.0148    0.0168    0.0212
    0.0036    0.0055    0.0094
    0.0019    0.0042    0.0083
    0.0017    0.0066    0.0044
    0.0002    0.0006    0.0003    
    
Cora (coRegPairwise,new):    
    0.2634    0.2042    0.4130
    0.2262    0.1062    0.3567
    0.2000    0.0683    0.3402
    0.1808    0.0069    0.3026
    0.1788    0.0064    0.3033
    0.1793    0.0050    0.3038

    0.0018    0.0006    0.0012
    0.0213    0.0444    0.0410
    0.0119    0.0336    0.0277
    0.0012    0.0012    0.0004
    0.0016    0.0014    0.0011
    0.0001    0.0004    0.0004
    
Cora (MinDis,new):    
    0.4552    0.3925    0.6024
    0.3722    0.3315    0.5629
    0.2776    0.2310    0.4840
    0.2168    0.1303    0.3943
    0.1813    0.0149    0.3053
    0.1793    0.0049    0.3040

    0.0050    0.0024    0.0022
    0.0061    0.0077    0.0131
    0.0057    0.0098    0.0087
    0.0033    0.0123    0.0096
    0.0016    0.0040    0.0019
    0.0001    0.0005    0.0003    
    
Digit (coregresults):    
    0.7105    0.7444    0.8303
    0.6613    0.6993    0.8026
    0.5394    0.6176    0.7159
    0.4524    0.5702    0.6546
    0.3787    0.5093    0.5855
    0.1803    0.4174    0.4519
    
    0.0078    0.0047    0.0062
    0.0078    0.0075    0.0061
    0.0124    0.0103    0.0117
    0.0151    0.0091    0.0127
    0.0180    0.0143    0.0191
    0.0178    0.0181    0.0118
    
BBCSports (coregresults, sigma=100):    

    0.4658    0.3596    0.6068
    0.3995    0.3134    0.5621
    0.3216    0.2585    0.5277
    0.2827    0.2027    0.4838
    0.2565    0.1073    0.4173
    0.2406    0.0416    0.3751

    0.0038    0.0053    0.0046
    0.0172    0.0314    0.0262
    0.0175    0.0336    0.0357
    0.0213    0.0402    0.0277
    0.0051    0.0135    0.0164
    0.0026    0.0112    0.0080

BBCSports (coregpairwise, sigma=100):    
    0.3547    0.2309    0.5079
    0.3297    0.2255    0.5053
    0.3030    0.1725    0.4784
    0.2741    0.1333    0.4411
    0.2511    0.0984    0.4139
    0.2403    0.0408    0.3744

    0.0020    0.0016    0.0026
    0.0138    0.0295    0.0217
    0.0199    0.0376    0.0340
    0.0164    0.0383    0.0306
    0.0060    0.0188    0.0150
    0.0016    0.0096    0.0065
    
BBCSports (MinDis, sigma=optimal):    
    0.5631    0.4683    0.6875
    0.3669    0.2222    0.5162
    0.3295    0.2772    0.5457
    0.2541    0.0538    0.3890
    0.2407    0.0166    0.3581
    0.2387    0.0148    0.3601

    0.0055    0.0031    0.0014
    0.0541    0.0898    0.0670
    0.0203    0.0479    0.0482
    0.0143    0.0428    0.0373
    0.0030    0.0056    0.0029
    0.0006    0.0017    0.0016
    
Digit (5 Views, Optimal params, maxiter=75, rounds=100, Binary)
    0.9312    0.8774    0.9312
    0.8970    0.8185    0.8970
    0.7451    0.6724    0.7505
    0.6069    0.5676    0.6232
    0.4514    0.4379    0.4737
    0.3262    0.3275    0.3576

    0.0121    0.0165    0.0121
    0.0148    0.0175    0.0148
    0.0316    0.0300    0.0309
    0.0398    0.0289    0.0364
    0.0774    0.0566    0.0734
    0.0358    0.0404    0.0351
    
Digit (5 Views, coregcentroid, Optimal)
    0.7122    0.7751    0.8122
    0.5685    0.6576    0.7104
    0.3312    0.5463    0.5898
    0.1846    0.4283    0.4588
    0.2233    0.4068    0.4390
    0.0997    0.0164    0.1179

    0.0176    0.0112    0.0151
    0.0113    0.0079    0.0159
    0.0142    0.0119    0.0117
    0.0109    0.0181    0.0228
    0.0092    0.0142    0.0127
    0.0004    0.0021    0.0083
    
Digit (5 Views, coregpairwise, Optimal)
    0.8518    0.7730    0.8518
    0.7870    0.7104    0.7908
    0.6467    0.5959    0.6551
    0.5401    0.5077    0.5494
    0.4809    0.4702    0.4934
    0.4340    0.4329    0.4601

    0.0320    0.0237    0.0320
    0.0522    0.0281    0.0479
    0.0403    0.0315    0.0387
    0.0285    0.0184    0.0215
    0.0377    0.0260    0.0311
    0.0176    0.0124    0.0104
    
Digit (5 Views, MultiNMF, delta=0.1, maxiter=75, rounds=50)
    0.7538    0.8000    0.8459
    0.5881    0.6899    0.7538
    0.3281    0.5568    0.5998
    0.1819    0.4211    0.4516
    0.1424    0.2849    0.3313
    0.0995    0.0154    0.1166

    0.0084    0.0049    0.0075
    0.0110    0.0062    0.0114
    0.0117    0.0116    0.0132
    0.0073    0.0118    0.0133
    0.0041    0.0126    0.0115
    0.0000    0.0021    0.0033
    
